7
9
7
8
5
7
6
5
5
5
2
1
0
7
8
5
5
5
5
1
0
0
0
0
0
0
0
0
0
0
0
0
0
0
0
0
0
0
0
0
0
0
0
0
0
0
0
0
0
0
10
10
8
8
5
8
8
7
7
7
7
7
7
6
6
6
6
6
5
5
5
4
4
4
3
0
0
0
0
0
0
0
0
0
6
5
5
4
3
3
2
1
1
1
1
13
8
8
7
7
7
7
7
7
7
6
6
6
6
5
5
4
3
3
2
2
1
1
1
1
0
0
0
0
0
2
8
8
6
6
6
6
5
5
5
4
4
4
4
4
3
3
7
10
0
7
6
6
6
6
6
4
3
2
2
2
2
2
2
1
1
8
4
4
3
2
0
0
0
0
0
0
0
0
0
0
0
0
0
0
0
0
0
0
0
0
0
0
0
0
0
0
7
10
9
9
6
7
7
6
6
6
6
5
5
5
5
4
3
9
9
8
8
8
7
0
0
0
0
0
7
7
6
5
3
3
2
1
2
1
1
1
6
7
7
6
6
5
4
3
2
2
0
0
0
0
0
10
8
7
7
7
6
6
6
6
6
5
5
5
5
5
4
4
4
4
4
4
4
4
4
3
3
0
0
7
7
6
6
6
5
5
5
3
1
1
0
0
0
10
7
4
3
3
2
1
1
0
9
8
8
8
7
7
7
7
7
7
7
7
7
6
6
6
6
6
6
5
5
5
5
5
5
4
8
7
7
0
0
0
0
0
0
0
6
3
3
1
1
8
7
7
7
6
6
6
6
6
6
6
6
5
4
3
2
2
2
2
2
1
1
1
0
0
0
0
0
6
6
4
9
7
7
7
7
6
6
5
5
4
4
3
3
3
3
2
2
1
1
0
0
0
0
0
3
3
3
2
2
2
7
7
7
7
6
6
0
0
0
0
7
4
1
2
1
1
1
1
1
1
1
1
1
9
7
7
7
7
6
5
4
4
4
2
2
2
2
1
1
1
1
1
1
0
0
10
7
7
7
6
6
6
6
5
5
5
5
5
5
5
5
4
4
4
4
4
4
4
4
4
4
3
3
3
3
3
3
8
8
6
6
4
3
3
3
2
2
1
0
0
0
5
2
2
2
2
0
0
0
0
5
2
7
7
0
0
0
0
0
0
0
0
4
1
1
1
7
7
6
6
5
4
3
3
2
2
2
1
0
2
1
1
